cloudlet_id,arrival_time,length,pes_required,file_size,output_size
0,0,138971,2,138,69
1,2,149056,4,149,74
2,2,133200,1,133,66
3,2,136278,1,136,68
4,3,156562,2,156,78
5,7,136982,1,136,68
6,9,146108,1,146,73
7,11,126718,1,126,63
8,11,162569,1,162,81
9,14,155691,2,155,77
10,15,160325,1,160,80
11,18,136154,2,136,68
12,18,179326,1,179,89
13,19,158034,4,158,79
14,23,157909,3,157,78
15,23,169615,4,169,84
16,24,200000,2,200,100
17,25,100718,1,100,50
18,25,156201,2,156,78
19,29,140737,5,140,70
20,33,128165,2,128,64
21,40,109431,4,109,54
22,41,200000,1,200,100
23,47,151418,1,151,75
24,48,185773,1,185,92
25,50,171024,1,171,85
26,50,126540,4,126,63
27,55,157077,3,157,78
28,56,161497,4,161,80
29,56,160919,1,160,80
30,56,169064,1,169,84
31,58,114988,5,114,57
32,59,177093,5,177,88
33,61,166551,1,166,83
34,69,146725,1,146,73
35,74,183972,1,183,91
36,78,170270,2,170,85
37,80,152750,2,152,76
38,80,180971,1,180,90
39,81,153384,3,153,76
40,87,175301,3,175,87
41,88,173046,1,173,86
42,92,106166,6,106,53
43,94,196385,1,196,98
44,96,174118,3,174,87
45,97,169982,2,169,84
46,101,139540,1,139,69
47,102,176360,2,176,88
48,103,100000,2,100,50
49,113,146735,1,146,73
50,115,145935,1,145,72
51,117,170943,2,170,85
52,118,120259,1,120,60
53,119,151626,1,151,75
54,122,150062,1,150,75
55,123,141467,2,141,70
56,125,128862,2,128,64
57,128,155336,2,155,77
58,129,122966,2,122,61
59,131,143245,1,143,71
60,131,102410,1,102,51
61,132,121110,1,121,60
62,135,132586,2,132,66
63,136,168617,1,168,84
64,138,131309,1,131,65
65,139,125468,4,125,62
66,139,141080,3,141,70
67,140,172396,4,172,86
68,141,192351,1,192,96
69,141,156428,1,156,78
70,143,116807,2,116,58
71,144,115047,2,115,57
72,146,143432,1,143,71
73,149,100897,3,100,50
74,151,154989,2,154,77
75,151,165215,1,165,82
76,157,102051,3,102,51
77,159,138750,2,138,69
78,163,148724,1,148,74
79,164,171859,2,171,85
80,165,164014,1,164,82
81,172,125279,1,125,62
82,185,189898,2,189,94
83,185,124903,2,124,62
84,187,158721,1,158,79
85,187,151405,1,151,75
86,188,164364,7,164,82
87,189,157771,1,157,78
88,189,185737,4,185,92
89,191,138221,1,138,69
90,195,123206,2,123,61
91,200,194696,1,194,97
92,206,166838,3,166,83
93,208,120403,1,120,60
94,209,100247,1,100,50
95,210,170718,1,170,85
96,214,135048,2,135,67
97,215,200000,4,200,100
98,216,166429,3,166,83
99,218,156243,2,156,78
100,218,175372,2,175,87
101,220,192480,3,192,96
102,220,119163,2,119,59
103,220,123227,2,123,61
104,223,136535,2,136,68
105,226,166668,2,166,83
106,231,120306,1,120,60
107,234,150884,2,150,75
108,235,101355,4,101,50
109,240,155383,3,155,77
110,241,159892,1,159,79
111,245,128996,2,128,64
112,250,149330,4,149,74
113,254,167904,2,167,83
114,255,127111,1,127,63
115,256,164596,2,164,82
116,258,185686,2,185,92
117,260,184629,1,184,92
118,261,122545,3,122,61
119,262,151461,2,151,75
120,264,139309,3,139,69
121,264,147864,2,147,73
122,267,173196,2,173,86
123,267,100000,4,100,50
124,267,130564,2,130,65
125,268,135542,3,135,67
126,275,168104,3,168,84
127,277,200000,5,200,100
128,278,163622,1,163,81
129,279,177959,1,177,88
130,279,164921,2,164,82
131,281,180150,1,180,90
132,286,148544,1,148,74
133,286,157182,2,157,78
134,288,190157,2,190,95
135,290,184541,1,184,92
136,291,193639,3,193,96
137,293,145038,5,145,72
138,296,135053,3,135,67
139,298,157625,1,157,78
140,299,110741,1,110,55
141,299,100000,3,100,50
142,300,163060,3,163,81
143,301,169451,2,169,84
144,302,144509,1,144,72
145,302,106387,1,106,53
146,303,194813,2,194,97
147,304,120319,1,120,60
148,305,176941,1,176,88
149,305,152080,2,152,76
150,309,147459,1,147,73
151,309,183283,1,183,91
152,313,157155,1,157,78
153,313,198606,4,198,99
154,313,100000,5,100,50
155,318,148010,1,148,74
156,320,157530,1,157,78
157,331,149471,1,149,74
158,332,189470,3,189,94
159,333,179161,4,179,89
160,339,154978,2,154,77
161,339,122999,1,122,61
162,340,166071,1,166,83
163,345,149991,2,149,74
164,346,118532,3,118,59
165,347,118101,1,118,59
166,351,171116,2,171,85
167,352,128761,4,128,64
168,358,178673,2,178,89
169,370,157760,3,157,78
170,372,133312,1,133,66
171,372,140734,1,140,70
172,380,187142,2,187,93
173,393,100000,1,100,50
174,394,155158,2,155,77
175,394,156617,2,156,78
176,395,197153,2,197,98
177,398,125547,2,125,62
178,400,162555,2,162,81
179,402,165571,1,165,82
180,409,126647,1,126,63
181,411,123557,2,123,61
182,412,139471,1,139,69
183,413,172606,1,172,86
184,414,152923,2,152,76
185,417,144836,4,144,72
186,418,159190,4,159,79
187,419,168093,1,168,84
188,422,180002,1,180,90
189,422,135495,4,135,67
190,424,146675,1,146,73
191,424,165364,2,165,82
192,428,187005,2,187,93
193,429,186276,2,186,93
194,430,200000,3,200,100
195,434,122869,1,122,61
196,441,169549,2,169,84
197,442,105865,1,105,52
198,442,145242,1,145,72
199,448,169433,1,169,84
200,457,170611,2,170,85
201,462,130136,1,130,65
202,466,140153,2,140,70
203,468,145553,2,145,72
204,469,161226,2,161,80
205,471,119773,1,119,59
206,471,181869,1,181,90
207,475,112570,1,112,56
208,477,136031,1,136,68
209,487,161410,3,161,80
210,489,153606,1,153,76
211,490,116970,2,116,58
212,491,171807,1,171,85
213,491,199429,1,199,99
214,491,200000,2,200,100
215,492,133621,3,133,66
216,494,155555,3,155,77
217,496,175003,1,175,87
218,496,115711,8,115,57
219,497,148468,7,148,74
220,497,194328,4,194,97
221,499,129459,2,129,64
222,501,121684,4,121,60
223,503,161921,1,161,80
224,504,147389,5,147,73
225,504,127217,3,127,63
226,504,152039,3,152,76
227,505,140566,2,140,70
228,509,100000,3,100,50
229,511,116575,3,116,58
230,512,127497,3,127,63
231,514,172683,1,172,86
232,515,139806,1,139,69
233,520,174172,1,174,87
234,521,147873,1,147,73
235,524,133551,2,133,66
236,528,150299,1,150,75
237,529,171490,2,171,85
238,530,142719,1,142,71
239,533,148730,2,148,74
240,533,125821,4,125,62
241,533,133659,1,133,66
242,535,121941,1,121,60
243,535,173306,2,173,86
244,536,157444,3,157,78
245,536,148640,3,148,74
246,541,127973,2,127,63
247,542,179708,2,179,89
248,542,168314,1,168,84
249,544,175128,1,175,87
250,546,182361,1,182,91
251,549,126447,2,126,63
252,550,150553,1,150,75
253,551,143003,2,143,71
254,552,192213,2,192,96
255,558,138722,2,138,69
256,561,156139,2,156,78
257,570,153889,3,153,76
258,575,114493,3,114,57
259,576,119752,1,119,59
260,577,133252,3,133,66
261,579,128421,3,128,64
262,580,173936,1,173,86
263,580,119679,1,119,59
264,581,162953,4,162,81
265,582,177992,1,177,88
266,584,134323,1,134,67
267,591,147057,5,147,73
268,592,196982,1,196,98
269,595,162495,2,162,81
270,595,178539,3,178,89
271,596,134740,2,134,67
272,596,159414,1,159,79
273,597,152457,2,152,76
274,598,142988,3,142,71
275,598,122015,3,122,61
276,601,138968,1,138,69
277,602,157533,1,157,78
278,606,169279,3,169,84
279,606,156124,1,156,78
280,610,133925,2,133,66
281,614,169212,2,169,84
282,614,141696,1,141,70
283,616,179280,2,179,89
284,619,167343,5,167,83
285,624,155707,4,155,77
286,626,151792,1,151,75
287,629,155626,2,155,77
288,631,159650,2,159,79
289,632,157863,5,157,78
290,633,129706,1,129,64
291,634,171725,1,171,85
292,636,159900,5,159,79
293,637,150330,2,150,75
294,638,131287,4,131,65
295,644,127279,5,127,63
296,644,157250,1,157,78
297,645,148851,2,148,74
298,648,127646,1,127,63
299,648,159616,4,159,79
300,650,155347,1,155,77
301,651,176213,1,176,88
302,652,127889,1,127,63
303,653,167162,1,167,83
304,653,132312,3,132,66
305,658,188705,2,188,94
306,666,173114,5,173,86
307,667,144112,3,144,72
308,670,142791,5,142,71
309,671,129833,1,129,64
310,674,190511,1,190,95
311,677,197623,1,197,98
312,677,100000,1,100,50
313,678,178415,4,178,89
314,688,129173,5,129,64
315,691,165917,4,165,82
316,693,149794,1,149,74
317,695,134057,3,134,67
318,696,148400,1,148,74
319,696,164531,2,164,82
320,697,162394,1,162,81
321,700,163556,3,163,81
322,708,105527,1,105,52
323,710,188307,3,188,94
324,710,169342,1,169,84
325,711,151050,1,151,75
326,717,145904,3,145,72
327,719,197738,1,197,98
328,720,135363,2,135,67
329,726,164411,2,164,82
330,729,122606,1,122,61
331,730,166549,1,166,83
332,730,103104,2,103,51
333,732,129635,4,129,64
334,740,168712,1,168,84
335,743,162619,4,162,81
336,746,167925,1,167,83
337,749,172271,6,172,86
338,749,125863,2,125,62
339,750,164872,1,164,82
340,752,181866,4,181,90
341,753,171745,2,171,85
342,753,156311,1,156,78
343,753,126648,1,126,63
344,758,159926,5,159,79
345,758,127848,2,127,63
346,758,167926,1,167,83
347,759,120396,3,120,60
348,761,129720,1,129,64
349,761,138918,1,138,69
350,763,179411,4,179,89
351,764,114636,3,114,57
352,768,121197,2,121,60
353,770,143830,2,143,71
354,771,168216,5,168,84
355,773,200000,1,200,100
356,773,135891,1,135,67
357,774,165387,1,165,82
358,775,128915,2,128,64
359,776,100000,1,100,50
360,781,149331,1,149,74
361,781,108954,3,108,54
362,785,170117,5,170,85
363,787,168735,3,168,84
364,790,137997,2,137,68
365,791,192324,3,192,96
366,791,122102,4,122,61
367,791,142761,2,142,71
368,791,112807,2,112,56
369,791,146310,1,146,73
370,792,141885,7,141,70
371,794,151333,3,151,75
372,796,110204,1,110,55
373,796,185403,2,185,92
374,798,179289,2,179,89
375,803,155341,4,155,77
376,805,130828,4,130,65
377,806,162298,4,162,81
378,806,131696,4,131,65
379,808,172300,2,172,86
380,809,100763,4,100,50
381,810,151365,4,151,75
382,810,142897,1,142,71
383,811,161508,2,161,80
384,812,138473,1,138,69
385,812,111765,3,111,55
386,813,109719,3,109,54
387,815,156211,1,156,78
388,818,142004,2,142,71
389,821,165789,2,165,82
390,822,162127,2,162,81
391,823,187826,1,187,93
392,825,181567,2,181,90
393,829,153067,2,153,76
394,832,108787,4,108,54
395,834,124548,1,124,62
396,835,177264,1,177,88
397,836,139380,1,139,69
398,836,121819,4,121,60
399,846,133840,2,133,66
400,846,138890,2,138,69
401,850,178787,4,178,89
402,853,159847,2,159,79
403,855,117230,1,117,58
404,860,183221,1,183,91
405,865,125639,4,125,62
406,868,163567,2,163,81
407,869,148207,4,148,74
408,869,162444,1,162,81
409,871,120065,1,120,60
410,872,146666,5,146,73
411,872,145430,2,145,72
412,876,160425,2,160,80
413,876,167260,1,167,83
414,877,104486,1,104,52
415,880,137835,1,137,68
416,881,160283,2,160,80
417,884,115117,2,115,57
418,885,128240,1,128,64
419,888,160505,3,160,80
420,889,162990,2,162,81
421,889,151799,2,151,75
422,891,152177,1,152,76
423,892,157574,1,157,78
424,894,147856,3,147,73
425,896,151380,4,151,75
426,901,158772,1,158,79
427,902,142438,2,142,71
428,907,155838,1,155,77
429,915,185898,3,185,92
430,917,100000,2,100,50
431,918,169577,1,169,84
432,924,106019,5,106,53
433,928,121449,1,121,60
434,929,191098,1,191,95
435,932,136673,1,136,68
436,935,154979,1,154,77
437,936,161332,3,161,80
438,936,165596,3,165,82
439,938,113080,1,113,56
440,939,147843,3,147,73
441,939,133479,2,133,66
442,940,161152,2,161,80
443,942,153595,1,153,76
444,943,182087,1,182,91
445,945,136556,1,136,68
446,946,157261,2,157,78
447,950,131859,5,131,65
448,950,162450,1,162,81
449,956,175672,4,175,87
450,956,140626,2,140,70
451,956,102108,4,102,51
452,963,156065,4,156,78
453,967,100000,1,100,50
454,973,155297,1,155,77
455,984,139660,2,139,69
456,985,157440,5,157,78
457,987,174748,4,174,87
458,988,126467,1,126,63
459,988,106320,2,106,53
460,991,152709,1,152,76
461,994,197201,3,197,98
462,994,121776,2,121,60
463,998,115848,1,115,57
464,1000,139534,2,139,69
465,1000,128051,2,128,64
466,1002,154606,1,154,77
467,1002,151757,6,151,75
468,1004,118345,4,118,59
469,1007,199241,2,199,99
470,1008,123093,2,123,61
471,1009,146813,2,146,73
472,1010,150686,1,150,75
473,1013,163441,2,163,81
474,1014,134931,2,134,67
475,1021,136085,1,136,68
476,1022,146858,3,146,73
477,1023,185557,2,185,92
478,1025,147288,2,147,73
479,1025,174344,4,174,87
480,1028,126032,3,126,63
481,1030,159243,2,159,79
482,1035,155472,4,155,77
483,1041,157530,2,157,78
484,1044,200000,1,200,100
485,1044,167138,2,167,83
486,1052,141705,1,141,70
487,1055,114846,2,114,57
488,1058,171398,2,171,85
489,1058,174324,1,174,87
490,1059,136779,1,136,68
491,1060,100496,1,100,50
492,1060,176475,1,176,88
493,1062,149981,3,149,74
494,1065,157949,2,157,78
495,1066,119042,2,119,59
496,1068,153564,1,153,76
497,1068,150514,3,150,75
498,1068,162827,5,162,81
499,1070,126822,1,126,63
500,1072,184918,5,184,92
501,1072,128123,1,128,64
502,1076,157108,3,157,78
503,1077,134563,4,134,67
504,1078,136937,2,136,68
505,1079,123825,2,123,61
506,1080,159846,1,159,79
507,1080,161335,4,161,80
508,1081,151121,1,151,75
509,1081,169517,2,169,84
510,1091,163577,2,163,81
511,1091,146232,1,146,73
512,1093,178366,3,178,89
513,1097,147502,3,147,73
514,1098,171419,1,171,85
515,1099,143492,4,143,71
516,1099,143224,1,143,71
517,1101,181774,3,181,90
518,1104,125900,2,125,62
519,1105,136513,4,136,68
520,1105,101316,2,101,50
521,1107,129436,1,129,64
522,1109,125033,1,125,62
523,1109,129627,2,129,64
524,1111,145625,2,145,72
525,1113,137213,4,137,68
526,1113,173004,1,173,86
527,1115,200000,4,200,100
528,1118,132246,2,132,66
529,1118,174183,4,174,87
530,1119,154687,4,154,77
531,1122,133504,2,133,66
532,1122,144281,2,144,72
533,1123,130482,4,130,65
534,1126,135184,2,135,67
535,1127,200000,1,200,100
536,1127,165069,2,165,82
537,1128,120738,1,120,60
538,1130,135818,1,135,67
539,1130,157748,3,157,78
540,1130,120031,3,120,60
541,1131,139590,2,139,69
542,1131,146862,2,146,73
543,1132,173369,2,173,86
544,1135,157243,3,157,78
545,1136,199954,2,199,99
546,1137,100000,1,100,50
547,1137,116028,2,116,58
548,1139,144496,2,144,72
549,1144,150934,2,150,75
550,1156,126593,1,126,63
551,1157,124521,1,124,62
552,1159,166567,1,166,83
553,1159,158215,1,158,79
554,1167,170539,4,170,85
555,1177,182736,3,182,91
556,1177,144156,1,144,72
557,1179,128783,1,128,64
558,1182,155614,3,155,77
559,1185,174276,1,174,87
560,1186,160007,3,160,80
561,1188,109626,1,109,54
562,1189,141910,2,141,70
563,1190,136497,1,136,68
564,1193,134133,1,134,67
565,1196,111390,2,111,55
566,1198,157439,1,157,78
567,1198,178766,1,178,89
568,1202,156103,2,156,78
569,1203,127227,1,127,63
570,1203,177757,3,177,88
571,1204,132398,3,132,66
572,1205,147025,2,147,73
573,1208,168845,1,168,84
574,1211,151336,2,151,75
575,1213,143473,3,143,71
576,1213,149743,2,149,74
577,1214,147416,1,147,73
578,1217,139269,1,139,69
579,1218,175058,3,175,87
580,1224,145794,1,145,72
581,1226,136116,2,136,68
582,1231,144001,5,144,72
583,1232,175758,3,175,87
584,1235,134960,2,134,67
585,1235,156420,3,156,78
586,1238,166077,1,166,83
587,1240,140205,3,140,70
588,1242,135121,3,135,67
589,1246,131889,3,131,65
590,1247,144161,7,144,72
591,1249,151218,5,151,75
592,1250,179646,1,179,89
593,1251,149023,1,149,74
594,1256,173994,4,173,86
595,1258,161127,2,161,80
596,1258,138624,2,138,69
597,1258,170493,3,170,85
598,1260,137824,3,137,68
599,1264,153938,1,153,76
600,1265,155378,2,155,77
601,1267,150761,2,150,75
602,1269,141137,2,141,70
603,1269,183948,4,183,91
604,1273,167336,4,167,83
605,1274,173439,1,173,86
606,1274,123544,3,123,61
607,1276,166158,8,166,83
608,1276,144332,1,144,72
609,1279,168162,3,168,84
610,1280,200000,3,200,100
611,1280,152827,1,152,76
612,1281,151977,2,151,75
613,1285,109675,1,109,54
614,1285,182397,3,182,91
615,1287,117209,4,117,58
616,1289,115871,1,115,57
617,1296,165985,1,165,82
618,1297,119354,2,119,59
619,1299,170423,4,170,85
620,1300,126532,1,126,63
621,1300,144175,1,144,72
622,1304,183914,2,183,91
623,1305,153720,3,153,76
624,1305,125873,1,125,62
625,1307,169753,1,169,84
626,1309,125051,2,125,62
627,1310,177876,2,177,88
628,1311,182585,1,182,91
629,1311,150804,7,150,75
630,1312,131999,4,131,65
631,1313,151139,2,151,75
632,1315,120919,2,120,60
633,1316,174218,1,174,87
634,1318,127756,1,127,63
635,1318,141929,2,141,70
636,1319,169143,3,169,84
637,1320,130468,1,130,65
638,1324,181175,1,181,90
639,1327,136138,6,136,68
640,1329,148728,2,148,74
641,1330,124862,3,124,62
642,1336,175121,1,175,87
643,1336,167851,1,167,83
644,1342,142066,1,142,71
645,1344,146427,3,146,73
646,1346,180454,2,180,90
647,1347,160494,1,160,80
648,1349,158153,1,158,79
649,1351,169336,3,169,84
650,1352,161012,4,161,80
651,1354,154120,2,154,77
652,1354,154867,2,154,77
653,1355,103933,5,103,51
654,1356,132731,1,132,66
655,1357,100000,2,100,50
656,1364,167841,2,167,83
657,1364,135661,4,135,67
658,1369,177652,4,177,88
659,1369,104792,1,104,52
660,1370,132345,1,132,66
661,1371,138374,4,138,69
662,1375,170653,1,170,85
663,1376,158708,1,158,79
664,1377,183365,2,183,91
665,1380,172259,2,172,86
666,1380,115146,3,115,57
667,1381,200000,1,200,100
668,1383,189617,1,189,94
669,1383,168739,1,168,84
670,1387,147146,1,147,73
671,1388,125160,7,125,62
672,1393,100000,1,100,50
673,1394,114436,2,114,57
674,1396,100000,5,100,50
675,1399,157253,1,157,78
676,1402,189530,1,189,94
677,1402,164190,2,164,82
678,1403,149640,2,149,74
679,1408,141211,1,141,70
680,1409,182204,1,182,91
681,1420,143875,3,143,71
682,1423,173561,1,173,86
683,1428,148853,1,148,74
684,1429,163233,2,163,81
685,1432,117450,1,117,58
686,1433,165876,2,165,82
687,1433,167817,1,167,83
688,1438,150100,4,150,75
689,1440,169417,2,169,84
690,1443,132578,1,132,66
691,1457,148058,2,148,74
692,1461,158946,1,158,79
693,1462,187599,1,187,93
694,1463,144876,1,144,72
695,1465,161419,3,161,80
696,1468,151837,4,151,75
697,1470,102472,2,102,51
698,1470,157529,3,157,78
699,1471,149635,1,149,74
700,1476,160449,1,160,80
701,1476,154024,4,154,77
702,1479,168011,2,168,84
703,1483,115424,1,115,57
704,1486,113872,1,113,56
705,1486,123663,3,123,61
706,1487,138100,1,138,69
707,1493,149052,3,149,74
708,1494,198992,2,198,99
709,1498,153797,2,153,76
710,1501,116962,3,116,58
711,1507,139882,1,139,69
712,1508,162958,2,162,81
713,1510,153690,1,153,76
714,1510,133942,2,133,66
715,1510,146762,4,146,73
716,1512,159648,1,159,79
717,1512,148529,1,148,74
718,1512,193337,2,193,96
719,1512,166261,1,166,83
720,1514,152730,1,152,76
721,1514,181495,2,181,90
722,1515,193371,1,193,96
723,1515,161973,3,161,80
724,1516,149488,1,149,74
725,1517,133308,1,133,66
726,1518,155163,1,155,77
727,1519,145639,1,145,72
728,1520,165282,3,165,82
729,1520,119542,1,119,59
730,1522,134245,1,134,67
731,1524,131599,5,131,65
732,1526,147466,3,147,73
733,1527,113735,2,113,56
734,1528,161999,6,161,80
735,1534,139097,1,139,69
736,1536,160325,3,160,80
737,1537,105629,3,105,52
738,1538,126026,3,126,63
739,1538,181732,4,181,90
740,1542,144665,3,144,72
741,1547,198147,2,198,99
742,1548,119695,2,119,59
743,1551,150775,2,150,75
744,1554,122821,4,122,61
745,1559,148186,2,148,74
746,1560,100000,1,100,50
747,1566,170964,3,170,85
748,1569,165573,3,165,82
749,1570,183162,3,183,91
750,1571,164349,3,164,82
751,1574,158255,1,158,79
752,1588,132990,1,132,66
753,1588,124960,1,124,62
754,1589,100000,1,100,50
755,1591,189882,1,189,94
756,1591,122258,2,122,61
757,1591,140879,2,140,70
758,1594,130515,1,130,65
759,1598,173273,3,173,86
760,1602,147887,3,147,73
761,1603,137309,3,137,68
762,1608,170581,1,170,85
763,1615,145434,1,145,72
764,1617,172227,1,172,86
765,1619,164697,2,164,82
766,1624,141885,3,141,70
767,1627,139137,5,139,69
768,1631,151179,1,151,75
769,1633,129701,2,129,64
770,1633,154597,2,154,77
771,1634,128591,2,128,64
772,1635,157302,2,157,78
773,1635,148539,1,148,74
774,1635,134147,2,134,67
775,1639,120068,4,120,60
776,1639,166755,4,166,83
777,1641,138198,1,138,69
778,1643,121909,3,121,60
779,1644,155801,4,155,77
780,1645,155474,2,155,77
781,1646,136237,3,136,68
782,1647,184543,1,184,92
783,1651,154783,1,154,77
784,1652,162662,1,162,81
785,1652,143665,2,143,71
786,1660,161161,1,161,80
787,1661,181587,3,181,90
788,1664,100000,3,100,50
789,1664,196429,2,196,98
790,1666,126271,1,126,63
791,1666,200000,1,200,100
792,1667,162365,4,162,81
793,1669,124329,1,124,62
794,1670,127880,3,127,63
795,1670,188345,1,188,94
796,1675,114759,1,114,57
797,1676,133813,4,133,66
798,1676,130825,4,130,65
799,1684,161231,4,161,80
800,1685,141715,2,141,70
801,1687,189838,2,189,94
802,1692,149096,8,149,74
803,1694,167014,2,167,83
804,1696,169113,4,169,84
805,1700,137845,3,137,68
806,1703,187526,2,187,93
807,1707,156313,4,156,78
808,1710,184667,2,184,92
809,1713,144577,1,144,72
810,1719,175695,2,175,87
811,1720,137808,4,137,68
812,1721,145836,3,145,72
813,1722,116117,3,116,58
814,1723,135077,2,135,67
815,1724,134417,1,134,67
816,1725,141206,2,141,70
817,1728,151057,3,151,75
818,1729,169322,2,169,84
819,1731,152118,2,152,76
820,1734,157126,2,157,78
821,1734,155190,1,155,77
822,1734,150604,4,150,75
823,1735,162477,1,162,81
824,1738,127840,3,127,63
825,1742,159747,1,159,79
826,1746,118514,1,118,59
827,1747,163925,1,163,81
828,1748,146577,3,146,73
829,1752,186427,1,186,93
830,1754,118234,2,118,59
831,1754,108816,2,108,54
832,1754,174823,1,174,87
833,1756,165860,4,165,82
834,1759,151816,1,151,75
835,1765,179556,2,179,89
836,1767,170072,5,170,85
837,1768,126881,2,126,63
838,1768,141296,1,141,70
839,1770,157869,2,157,78
840,1771,145647,2,145,72
841,1772,137125,1,137,68
842,1774,176606,1,176,88
843,1778,142188,3,142,71
844,1786,165747,2,165,82
845,1788,141496,1,141,70
846,1791,136808,3,136,68
847,1791,170058,2,170,85
848,1792,156872,2,156,78
849,1794,129266,1,129,64
850,1794,172087,2,172,86
851,1797,179736,1,179,89
852,1799,122943,1,122,61
853,1805,133188,1,133,66
854,1812,200000,3,200,100
855,1815,126983,2,126,63
856,1815,150247,1,150,75
857,1815,113985,2,113,56
858,1815,150130,4,150,75
859,1818,139111,2,139,69
860,1819,142015,1,142,71
861,1820,145097,2,145,72
862,1820,167432,2,167,83
863,1821,114727,1,114,57
864,1826,113195,1,113,56
865,1830,148903,2,148,74
866,1832,103643,2,103,51
867,1834,144425,1,144,72
868,1836,114999,3,114,57
869,1839,168244,1,168,84
870,1843,113878,2,113,56
871,1846,178391,5,178,89
872,1846,145758,2,145,72
873,1847,174155,3,174,87
874,1854,194158,2,194,97
875,1855,197917,2,197,98
876,1857,159525,2,159,79
877,1858,200000,7,200,100
878,1858,155618,1,155,77
879,1864,140904,5,140,70
880,1865,148801,1,148,74
881,1866,173426,1,173,86
882,1866,131177,3,131,65
883,1870,124401,1,124,62
884,1871,120376,2,120,60
885,1871,166088,1,166,83
886,1871,145826,1,145,72
887,1873,165082,1,165,82
888,1883,111613,2,111,55
889,1883,141581,2,141,70
890,1883,152476,3,152,76
891,1884,123706,8,123,61
892,1884,161618,1,161,80
893,1888,128848,1,128,64
894,1891,169862,3,169,84
895,1894,173428,2,173,86
896,1895,161612,2,161,80
897,1902,160422,4,160,80
898,1905,117446,1,117,58
899,1911,150745,3,150,75
900,1912,198772,2,198,99
901,1914,100000,2,100,50
902,1918,168976,1,168,84
903,1919,145319,3,145,72
904,1919,154257,7,154,77
905,1920,173867,1,173,86
906,1924,174455,3,174,87
907,1925,165800,3,165,82
908,1929,175328,5,175,87
909,1934,177560,2,177,88
910,1935,162365,2,162,81
911,1935,159816,2,159,79
912,1938,128849,1,128,64
913,1940,176091,2,176,88
914,1941,159669,1,159,79
915,1944,174427,2,174,87
916,1945,148019,3,148,74
917,1948,179148,1,179,89
918,1950,111948,4,111,55
919,1952,152327,2,152,76
920,1952,192019,2,192,96
921,1952,129852,2,129,64
922,1952,114666,2,114,57
923,1955,185850,1,185,92
924,1956,138549,1,138,69
925,1958,170983,1,170,85
926,1959,189261,4,189,94
927,1960,184066,1,184,92
928,1962,142904,6,142,71
929,1962,190969,1,190,95
930,1963,146238,1,146,73
931,1965,196140,4,196,98
932,1969,200000,1,200,100
933,1970,108937,3,108,54
934,1973,183384,1,183,91
935,1973,133150,1,133,66
936,1975,119430,3,119,59
937,1976,182406,1,182,91
938,1977,175328,2,175,87
939,1977,100000,3,100,50
940,1977,125369,1,125,62
941,1979,133592,3,133,66
942,1981,132481,1,132,66
943,1985,148586,2,148,74
944,1990,136945,1,136,68
945,1992,175486,2,175,87
946,1993,161739,1,161,80
947,1994,158277,1,158,79
948,1996,182390,4,182,91
949,1999,187363,1,187,93
950,2000,125545,1,125,62
951,2002,116095,1,116,58
952,2003,145321,1,145,72
953,2003,185294,2,185,92
954,2005,112071,2,112,56
955,2005,140565,1,140,70
956,2006,149194,2,149,74
957,2006,163420,1,163,81
958,2012,166847,1,166,83
959,2013,184669,5,184,92
960,2017,116166,1,116,58
961,2018,161082,3,161,80
962,2022,170139,3,170,85
963,2027,145265,1,145,72
964,2027,156111,1,156,78
965,2029,161481,2,161,80
966,2033,133612,1,133,66
967,2036,123866,4,123,61
968,2037,161257,2,161,80
969,2039,126420,2,126,63
970,2040,158021,3,158,79
971,2042,143922,2,143,71
972,2043,169307,2,169,84
973,2044,149342,3,149,74
974,2048,127778,1,127,63
975,2051,190311,4,190,95
976,2056,144619,2,144,72
977,2056,177143,1,177,88
978,2057,147648,1,147,73
979,2059,168866,1,168,84
980,2060,124542,1,124,62
981,2060,146514,2,146,73
982,2061,133442,6,133,66
983,2062,111578,2,111,55
984,2064,105917,1,105,52
985,2065,191693,1,191,95
986,2065,121001,1,121,60
987,2065,146656,2,146,73
988,2069,182365,1,182,91
989,2070,169385,1,169,84
990,2073,152383,3,152,76
991,2075,149790,3,149,74
992,2079,186713,1,186,93
993,2087,143519,3,143,71
994,2091,142269,2,142,71
995,2093,160590,1,160,80
996,2094,142101,3,142,71
997,2097,177394,1,177,88
998,2098,115624,2,115,57
999,2099,130728,1,130,65
1000,2100,188051,4,188,94
1001,2100,140552,2,140,70
1002,2104,166481,3,166,83
1003,2104,156113,1,156,78
1004,2105,158314,2,158,79
1005,2108,125565,2,125,62
1006,2109,159876,2,159,79
1007,2112,169317,2,169,84
1008,2117,184450,2,184,92
1009,2120,159095,1,159,79
1010,2121,157538,3,157,78
1011,2121,133329,2,133,66
1012,2123,161393,3,161,80
1013,2123,100000,1,100,50
1014,2124,167787,1,167,83
1015,2124,167780,2,167,83
1016,2126,181983,2,181,90
1017,2128,122312,4,122,61
1018,2129,133232,3,133,66
1019,2131,119636,4,119,59
1020,2134,196709,4,196,98
1021,2138,137292,3,137,68
1022,2139,167860,3,167,83
1023,2144,150321,1,150,75
1024,2145,137586,3,137,68
1025,2146,197903,2,197,98
1026,2146,172911,2,172,86
1027,2151,162519,1,162,81
1028,2151,157112,1,157,78
1029,2153,167310,1,167,83
1030,2153,157743,1,157,78
1031,2154,166380,2,166,83
1032,2154,134750,1,134,67
1033,2154,127576,2,127,63
1034,2155,100000,2,100,50
1035,2158,116886,1,116,58
1036,2160,132528,3,132,66
1037,2160,172233,2,172,86
1038,2162,179999,4,179,89
1039,2162,169166,4,169,84
1040,2165,172067,5,172,86
1041,2165,138017,5,138,69
1042,2167,147058,1,147,73
1043,2171,125319,1,125,62
1044,2172,176918,1,176,88
1045,2178,143049,1,143,71
1046,2178,153078,3,153,76
1047,2179,155843,2,155,77
1048,2180,190105,2,190,95
1049,2180,156997,4,156,78
1050,2184,175351,1,175,87
1051,2186,168426,3,168,84
1052,2189,124556,4,124,62
1053,2192,127551,3,127,63
1054,2192,164309,1,164,82
1055,2194,126725,1,126,63
1056,2194,125712,2,125,62
1057,2199,179498,1,179,89
1058,2200,155294,3,155,77
1059,2204,134980,1,134,67
1060,2205,125155,7,125,62
1061,2206,130212,1,130,65
1062,2207,122820,3,122,61
1063,2207,170028,2,170,85
1064,2209,130980,4,130,65
1065,2209,135122,1,135,67
1066,2213,109858,3,109,54
1067,2214,148090,2,148,74
1068,2215,197086,3,197,98
1069,2216,141327,1,141,70
1070,2220,145165,5,145,72
1071,2221,109460,3,109,54
1072,2223,167707,1,167,83
1073,2223,194186,4,194,97
1074,2225,200000,1,200,100
1075,2226,156059,1,156,78
1076,2226,170570,4,170,85
1077,2227,200000,5,200,100
1078,2232,163871,1,163,81
1079,2234,200000,1,200,100
1080,2239,138285,1,138,69
1081,2240,141661,2,141,70
1082,2242,182184,1,182,91
1083,2244,100000,1,100,50
1084,2245,134099,2,134,67
1085,2246,181457,4,181,90
1086,2247,151894,1,151,75
1087,2248,200000,2,200,100
1088,2249,100000,1,100,50
1089,2252,100000,2,100,50
1090,2255,101629,1,101,50
1091,2255,162141,2,162,81
1092,2258,143710,1,143,71
1093,2258,153924,2,153,76
1094,2258,152712,2,152,76
1095,2261,166187,2,166,83
1096,2263,108652,3,108,54
1097,2265,185469,2,185,92
1098,2266,132747,2,132,66
1099,2267,173214,4,173,86
1100,2270,138988,2,138,69
1101,2270,162808,2,162,81
1102,2272,154626,6,154,77
1103,2275,135464,1,135,67
1104,2275,130292,5,130,65
1105,2280,176272,3,176,88
1106,2284,158278,8,158,79
1107,2284,176191,1,176,88
1108,2285,146389,3,146,73
1109,2287,100000,2,100,50
1110,2291,194386,2,194,97
1111,2292,164807,3,164,82
1112,2293,157547,2,157,78
1113,2297,154625,2,154,77
1114,2306,131478,1,131,65
1115,2306,129276,4,129,64
1116,2309,150010,1,150,75
1117,2311,200000,1,200,100
1118,2312,111229,2,111,55
1119,2313,160126,1,160,80
1120,2314,157769,2,157,78
1121,2317,156906,1,156,78
1122,2317,128785,1,128,64
1123,2318,169197,2,169,84
1124,2324,100000,3,100,50
1125,2325,131996,1,131,65
1126,2330,125001,3,125,62
1127,2336,119042,1,119,59
1128,2338,197650,2,197,98
1129,2339,176196,1,176,88
1130,2341,181129,4,181,90
1131,2343,171448,2,171,85
1132,2343,116405,3,116,58
1133,2345,164598,1,164,82
1134,2347,148468,2,148,74
1135,2349,187119,2,187,93
1136,2353,144907,2,144,72
1137,2354,139910,4,139,69
1138,2355,139786,1,139,69
1139,2356,152955,1,152,76
1140,2356,146376,4,146,73
1141,2357,180992,1,180,90
1142,2359,168118,3,168,84
1143,2364,183790,1,183,91
1144,2364,186736,2,186,93
1145,2365,172087,1,172,86
1146,2365,166086,2,166,83
1147,2365,150219,3,150,75
1148,2366,141891,2,141,70
1149,2367,149189,3,149,74
1150,2370,167194,4,167,83
1151,2370,129698,2,129,64
1152,2372,175962,2,175,87
1153,2374,100000,2,100,50
1154,2374,147065,1,147,73
1155,2376,167005,2,167,83
1156,2379,112339,4,112,56
1157,2379,153721,4,153,76
1158,2381,174365,1,174,87
1159,2383,112870,3,112,56
1160,2395,121719,3,121,60
1161,2396,154407,3,154,77
1162,2397,133806,2,133,66
1163,2398,139479,2,139,69
1164,2399,169042,1,169,84
1165,2399,151758,2,151,75
1166,2401,176080,4,176,88
1167,2402,163726,2,163,81
1168,2403,153303,1,153,76
1169,2403,200000,2,200,100
1170,2404,127623,2,127,63
1171,2405,160968,1,160,80
1172,2412,100000,5,100,50
1173,2412,173484,3,173,86
1174,2414,137084,2,137,68
1175,2415,185074,2,185,92
1176,2416,103472,3,103,51
1177,2416,160791,3,160,80
1178,2417,148428,1,148,74
1179,2424,146349,1,146,73
1180,2424,172022,1,172,86
1181,2424,146085,3,146,73
1182,2428,126224,1,126,63
1183,2429,152716,1,152,76
1184,2429,130870,1,130,65
1185,2433,131874,4,131,65
1186,2433,134722,2,134,67
1187,2435,155770,7,155,77
1188,2435,124163,1,124,62
1189,2436,149749,2,149,74
1190,2439,100000,1,100,50
1191,2440,151707,4,151,75
1192,2441,176993,3,176,88
1193,2443,199120,2,199,99
1194,2447,138213,4,138,69
1195,2447,104372,2,104,52
1196,2451,144079,2,144,72
1197,2453,161166,1,161,80
1198,2454,123003,1,123,61
1199,2455,104094,2,104,52
1200,2455,192573,3,192,96
1201,2462,153484,1,153,76
1202,2465,156487,3,156,78
1203,2466,163158,2,163,81
1204,2467,149151,5,149,74
1205,2473,172552,1,172,86
1206,2474,171693,2,171,85
1207,2475,144951,3,144,72
1208,2475,115412,2,115,57
1209,2480,132868,2,132,66
1210,2480,200000,2,200,100
1211,2481,127565,1,127,63
1212,2487,187800,4,187,93
1213,2494,157914,1,157,78
1214,2496,147675,2,147,73
1215,2499,143081,1,143,71
1216,2500,131602,2,131,65
1217,2503,110853,1,110,55
1218,2505,149086,2,149,74
1219,2506,158732,2,158,79
1220,2509,100000,3,100,50
1221,2512,173233,1,173,86
1222,2513,151129,3,151,75
1223,2514,174678,5,174,87
1224,2515,120918,1,120,60
1225,2517,156700,3,156,78
1226,2519,150442,2,150,75
1227,2519,129502,2,129,64
1228,2520,180065,2,180,90
1229,2522,131579,2,131,65
1230,2525,128006,2,128,64
1231,2525,148500,5,148,74
1232,2525,169134,2,169,84
1233,2526,183104,2,183,91
1234,2529,173344,3,173,86
1235,2532,151229,1,151,75
1236,2538,169021,1,169,84
1237,2540,130617,3,130,65
1238,2544,200000,4,200,100
1239,2548,189969,5,189,94
1240,2548,143729,4,143,71
1241,2554,145841,1,145,72
1242,2559,119211,1,119,59
1243,2560,146274,3,146,73
1244,2560,150489,1,150,75
1245,2561,111346,2,111,55
1246,2564,187544,1,187,93
1247,2568,133237,2,133,66
1248,2569,156645,4,156,78
1249,2573,149036,2,149,74
1250,2574,169945,5,169,84
1251,2577,151105,4,151,75
1252,2578,192474,1,192,96
1253,2579,150119,2,150,75
1254,2581,113689,4,113,56
1255,2585,118643,3,118,59
1256,2588,122212,1,122,61
1257,2591,120546,3,120,60
1258,2593,155120,4,155,77
1259,2594,116226,4,116,58
1260,2595,177171,1,177,88
1261,2598,129715,4,129,64
1262,2601,155750,1,155,77
1263,2603,131296,2,131,65
1264,2612,118917,1,118,59
1265,2613,100000,1,100,50
1266,2615,135760,1,135,67
1267,2616,147647,1,147,73
1268,2618,133146,6,133,66
1269,2619,170337,2,170,85
1270,2620,157638,4,157,78
1271,2623,158846,1,158,79
1272,2624,166549,1,166,83
1273,2627,160585,5,160,80
1274,2628,196250,2,196,98
1275,2628,161302,1,161,80
1276,2628,181560,1,181,90
1277,2632,150655,3,150,75
1278,2632,200000,4,200,100
1279,2633,170481,2,170,85
1280,2633,151701,4,151,75
1281,2635,200000,4,200,100
1282,2636,142022,1,142,71
1283,2639,168022,1,168,84
1284,2639,125272,2,125,62
1285,2639,115846,1,115,57
1286,2640,160469,2,160,80
1287,2645,187971,3,187,93
1288,2646,130642,7,130,65
1289,2650,138004,5,138,69
1290,2652,100000,1,100,50
1291,2656,128377,2,128,64
1292,2658,152291,2,152,76
1293,2661,157141,3,157,78
1294,2662,142297,2,142,71
1295,2663,158363,3,158,79
1296,2664,200000,2,200,100
1297,2668,160984,1,160,80
1298,2670,142485,1,142,71
1299,2670,130411,1,130,65
1300,2674,130173,1,130,65
1301,2676,160672,1,160,80
1302,2680,147583,1,147,73
1303,2681,127960,1,127,63
1304,2683,136918,3,136,68
1305,2684,135563,3,135,67
1306,2686,113382,3,113,56
1307,2686,145222,3,145,72
1308,2688,184362,2,184,92
1309,2689,132151,3,132,66
1310,2689,153278,2,153,76
1311,2689,163440,4,163,81
1312,2690,153689,3,153,76
1313,2692,136690,2,136,68
1314,2695,190726,2,190,95
1315,2703,110237,2,110,55
1316,2705,151669,1,151,75
1317,2705,135640,2,135,67
1318,2706,200000,1,200,100
1319,2709,138028,2,138,69
1320,2709,156156,2,156,78
1321,2709,137008,1,137,68
1322,2715,130417,1,130,65
1323,2718,166182,3,166,83
1324,2723,181651,1,181,90
1325,2725,200000,3,200,100
1326,2726,163639,2,163,81
1327,2726,100367,2,100,50
1328,2729,150187,1,150,75
1329,2730,152935,2,152,76
1330,2736,184226,2,184,92
1331,2741,169303,1,169,84
1332,2741,115894,1,115,57
1333,2742,131069,1,131,65
1334,2742,136039,2,136,68
1335,2743,140167,2,140,70
1336,2750,144390,1,144,72
1337,2755,138693,2,138,69
1338,2756,136758,4,136,68
1339,2757,199350,3,199,99
1340,2759,200000,2,200,100
1341,2761,122478,1,122,61
1342,2761,140396,1,140,70
1343,2763,145941,3,145,72
1344,2766,104540,1,104,52
1345,2770,117224,3,117,58
1346,2770,135348,1,135,67
1347,2776,147858,3,147,73
1348,2779,111867,4,111,55
1349,2780,149953,5,149,74
1350,2781,143934,1,143,71
1351,2781,148105,3,148,74
1352,2782,175559,1,175,87
1353,2784,165880,1,165,82
1354,2786,174758,1,174,87
1355,2792,154479,4,154,77
1356,2797,155134,3,155,77
1357,2801,180895,5,180,90
1358,2801,155690,4,155,77
1359,2801,158684,1,158,79
1360,2807,200000,4,200,100
1361,2808,126188,1,126,63
1362,2809,121303,2,121,60
1363,2810,144145,1,144,72
1364,2810,176893,1,176,88
1365,2811,100000,1,100,50
1366,2816,172884,2,172,86
1367,2818,157624,1,157,78
1368,2818,143990,1,143,71
1369,2819,118656,1,118,59
1370,2820,158507,2,158,79
1371,2820,154308,1,154,77
1372,2823,136977,1,136,68
1373,2824,181764,1,181,90
1374,2826,160774,1,160,80
1375,2828,136106,1,136,68
1376,2829,134563,3,134,67
1377,2831,156367,1,156,78
1378,2832,152506,1,152,76
1379,2841,135696,3,135,67
1380,2842,127881,2,127,63
1381,2845,165840,4,165,82
1382,2845,149060,1,149,74
1383,2848,105330,3,105,52
1384,2848,123536,4,123,61
1385,2850,168523,1,168,84
1386,2851,165955,3,165,82
1387,2856,162499,2,162,81
1388,2856,155388,1,155,77
1389,2858,194527,1,194,97
1390,2858,174023,1,174,87
1391,2859,143816,1,143,71
1392,2860,185045,2,185,92
1393,2861,152092,3,152,76
1394,2865,200000,1,200,100
1395,2866,124031,3,124,62
1396,2868,176518,2,176,88
1397,2870,139573,3,139,69
1398,2874,142038,2,142,71
1399,2876,139636,1,139,69
1400,2876,166752,5,166,83
1401,2879,170960,2,170,85
1402,2880,155137,1,155,77
1403,2883,114337,2,114,57
1404,2888,160383,4,160,80
1405,2890,100000,2,100,50
1406,2893,131225,1,131,65
1407,2894,177351,1,177,88
1408,2894,148413,1,148,74
1409,2895,133442,1,133,66
1410,2895,177512,3,177,88
1411,2897,109870,1,109,54
1412,2897,111883,4,111,55
1413,2898,159502,2,159,79
1414,2906,179556,1,179,89
1415,2906,150484,6,150,75
1416,2908,170378,1,170,85
1417,2910,135704,3,135,67
1418,2913,200000,4,200,100
1419,2916,178632,2,178,89
1420,2919,151480,2,151,75
1421,2921,184569,2,184,92
1422,2924,114938,1,114,57
1423,2929,146284,3,146,73
1424,2930,115854,2,115,57
1425,2930,123751,4,123,61
1426,2931,145787,3,145,72
1427,2933,153399,1,153,76
1428,2933,158925,4,158,79
1429,2940,161130,4,161,80
1430,2941,166554,3,166,83
1431,2947,128599,2,128,64
1432,2949,120680,3,120,60
1433,2959,142379,2,142,71
1434,2962,119717,4,119,59
1435,2963,160618,1,160,80
1436,2965,182481,1,182,91
1437,2965,148382,1,148,74
1438,2968,120697,5,120,60
1439,2969,161093,3,161,80
1440,2970,183340,1,183,91
1441,2970,157572,1,157,78
1442,2973,158488,1,158,79
1443,2974,200000,2,200,100
1444,2975,153044,1,153,76
1445,2976,141302,4,141,70
1446,2979,171870,2,171,85
1447,2979,157477,2,157,78
1448,2980,160330,2,160,80
1449,2984,127058,3,127,63
1450,2989,154695,2,154,77
1451,2991,152752,1,152,76
1452,3002,143582,3,143,71
1453,3003,138735,1,138,69
1454,3004,181476,3,181,90
1455,3006,153782,2,153,76
1456,3006,133815,5,133,66
1457,3007,184222,2,184,92
1458,3009,132687,2,132,66
1459,3009,115251,1,115,57
1460,3014,195963,1,195,97
1461,3016,177766,2,177,88
1462,3017,166498,2,166,83
1463,3017,100000,1,100,50
1464,3026,159749,1,159,79
1465,3029,133565,2,133,66
1466,3035,140542,1,140,70
1467,3037,148905,2,148,74
1468,3038,146343,1,146,73
1469,3038,111915,1,111,55
1470,3041,140023,3,140,70
1471,3041,184905,3,184,92
1472,3043,154737,1,154,77
1473,3043,132263,1,132,66
1474,3045,106428,2,106,53
1475,3045,130431,1,130,65
1476,3051,168438,1,168,84
1477,3054,153670,2,153,76
1478,3054,149480,1,149,74
1479,3056,155128,4,155,77
1480,3058,111464,2,111,55
1481,3061,123844,1,123,61
1482,3063,167964,2,167,83
1483,3063,163625,2,163,81
1484,3064,200000,2,200,100
1485,3066,100000,4,100,50
1486,3066,127598,2,127,63
1487,3069,144502,3,144,72
1488,3072,153959,1,153,76
1489,3072,144578,3,144,72
1490,3073,100000,2,100,50
1491,3074,170483,2,170,85
1492,3077,148559,2,148,74
1493,3081,169689,3,169,84
1494,3086,100000,2,100,50
1495,3091,112873,2,112,56
1496,3096,165649,3,165,82
1497,3097,112563,1,112,56
1498,3099,186379,3,186,93
1499,3100,141593,1,141,70
1500,3103,120758,1,120,60
1501,3106,101878,2,101,50
1502,3107,176436,1,176,88
1503,3109,198528,4,198,99
1504,3110,180919,2,180,90
1505,3112,200000,8,200,100
1506,3114,108726,3,108,54
1507,3115,149795,2,149,74
1508,3116,157549,2,157,78
1509,3120,133343,2,133,66
1510,3121,113676,5,113,56
1511,3121,179268,3,179,89
1512,3122,177423,3,177,88
1513,3123,200000,2,200,100
1514,3123,187045,3,187,93
1515,3125,147881,2,147,73
1516,3125,171856,3,171,85
1517,3128,188166,2,188,94
1518,3130,157842,2,157,78
1519,3130,128057,1,128,64
1520,3130,132909,1,132,66
1521,3131,133750,2,133,66
1522,3131,137518,2,137,68
1523,3132,118114,2,118,59
1524,3133,191709,1,191,95
1525,3134,122052,2,122,61
1526,3138,149406,5,149,74
1527,3138,199301,5,199,99
1528,3143,162709,3,162,81
1529,3145,142504,3,142,71
1530,3148,117755,4,117,58
1531,3151,135966,1,135,67
1532,3154,153166,3,153,76
1533,3154,132646,1,132,66
1534,3155,156663,3,156,78
1535,3157,160690,2,160,80
1536,3162,108011,1,108,54
1537,3162,152987,5,152,76
1538,3162,191391,2,191,95
1539,3163,118816,4,118,59
1540,3165,160242,1,160,80
1541,3165,167977,6,167,83
1542,3167,134740,1,134,67
1543,3172,173522,4,173,86
1544,3173,191501,2,191,95
1545,3177,156344,4,156,78
1546,3180,140035,1,140,70
1547,3181,144469,2,144,72
1548,3185,200000,1,200,100
1549,3187,181163,1,181,90
1550,3188,180584,1,180,90
1551,3189,157985,1,157,78
1552,3196,135170,5,135,67
1553,3196,172387,2,172,86
1554,3196,133668,1,133,66
1555,3198,153365,1,153,76
1556,3198,134992,1,134,67
1557,3199,142754,1,142,71
1558,3203,122918,4,122,61
1559,3206,138135,1,138,69
1560,3206,156230,1,156,78
1561,3209,184920,1,184,92
1562,3209,169857,2,169,84
1563,3210,125835,1,125,62
1564,3213,127544,3,127,63
1565,3218,193318,3,193,96
1566,3218,140211,1,140,70
1567,3220,156570,1,156,78
1568,3221,174991,2,174,87
1569,3222,162433,4,162,81
1570,3222,125831,1,125,62
1571,3222,148657,6,148,74
1572,3224,135035,2,135,67
1573,3225,116030,6,116,58
1574,3226,140476,3,140,70
1575,3228,169346,1,169,84
1576,3232,145903,2,145,72
1577,3236,103503,1,103,51
1578,3237,148961,1,148,74
1579,3241,130214,2,130,65
1580,3241,191400,2,191,95
1581,3241,134443,2,134,67
1582,3246,156994,1,156,78
1583,3247,119770,2,119,59
1584,3248,165710,4,165,82
1585,3251,119108,2,119,59
1586,3251,163470,1,163,81
1587,3253,131460,3,131,65
1588,3261,177892,2,177,88
1589,3261,187074,2,187,93
1590,3263,145097,1,145,72
1591,3263,157417,2,157,78
1592,3263,172473,3,172,86
1593,3265,172483,1,172,86
1594,3271,150206,1,150,75
1595,3273,173409,2,173,86
1596,3276,173421,1,173,86
1597,3276,149646,2,149,74
1598,3278,110851,2,110,55
1599,3282,193250,1,193,96
1600,3282,137256,2,137,68
1601,3283,177339,1,177,88
1602,3284,119748,5,119,59
1603,3285,122063,4,122,61
1604,3285,145345,2,145,72
1605,3289,136655,2,136,68
1606,3292,186109,2,186,93
1607,3292,129845,3,129,64
1608,3293,142740,1,142,71
1609,3294,120436,2,120,60
1610,3304,180328,3,180,90
1611,3304,159899,2,159,79
1612,3305,188365,2,188,94
1613,3305,149239,1,149,74
1614,3309,123331,2,123,61
1615,3311,160544,3,160,80
1616,3313,141097,2,141,70
1617,3313,169569,2,169,84
1618,3319,100000,1,100,50
1619,3322,119273,1,119,59
1620,3325,141698,2,141,70
1621,3328,127032,1,127,63
1622,3329,173806,1,173,86
1623,3331,100000,2,100,50
1624,3333,153803,2,153,76
1625,3334,156867,3,156,78
1626,3335,170795,1,170,85
1627,3337,130360,4,130,65
1628,3337,189525,4,189,94
1629,3337,155830,6,155,77
1630,3340,171156,2,171,85
1631,3341,142340,3,142,71
1632,3346,200000,1,200,100
1633,3347,130046,2,130,65
1634,3353,119642,2,119,59
1635,3355,100000,1,100,50
1636,3355,165147,2,165,82
1637,3356,165515,1,165,82
1638,3358,130647,4,130,65
1639,3359,154807,2,154,77
1640,3359,179129,1,179,89
1641,3363,129572,1,129,64
1642,3363,128715,1,128,64
1643,3367,100000,5,100,50
1644,3370,117560,3,117,58
1645,3374,159560,1,159,79
1646,3379,171910,1,171,85
1647,3384,160341,1,160,80
1648,3385,129114,2,129,64
1649,3385,106634,2,106,53
1650,3389,131520,4,131,65
1651,3393,141828,1,141,70
1652,3395,141331,1,141,70
1653,3395,174542,1,174,87
1654,3398,122005,4,122,61
1655,3403,128603,1,128,64
1656,3403,119195,4,119,59
1657,3404,109457,4,109,54
1658,3405,170304,2,170,85
1659,3406,128466,1,128,64
1660,3408,118479,2,118,59
1661,3408,131849,1,131,65
1662,3413,132857,1,132,66
1663,3423,166074,1,166,83
1664,3428,147377,1,147,73
1665,3432,179385,1,179,89
1666,3434,138852,5,138,69
1667,3436,155595,2,155,77
1668,3438,159552,2,159,79
1669,3442,116486,2,116,58
1670,3445,142230,1,142,71
1671,3447,182290,2,182,91
1672,3450,151937,1,151,75
1673,3450,158965,1,158,79
1674,3457,135271,1,135,67
1675,3458,174675,3,174,87
1676,3463,194670,4,194,97
1677,3466,130936,3,130,65
1678,3468,132944,1,132,66
1679,3470,138252,1,138,69
1680,3472,120522,2,120,60
1681,3472,142853,1,142,71
1682,3473,165225,6,165,82
1683,3474,100000,2,100,50
1684,3477,172575,3,172,86
1685,3478,151344,2,151,75
1686,3479,169634,2,169,84
1687,3480,128142,1,128,64
1688,3481,164014,3,164,82
1689,3485,112902,3,112,56
1690,3485,199370,1,199,99
1691,3485,200000,3,200,100
1692,3486,116770,3,116,58
1693,3487,146509,2,146,73
1694,3489,103394,2,103,51
1695,3490,100000,1,100,50
1696,3491,183412,1,183,91
1697,3493,118870,2,118,59
1698,3498,151688,3,151,75
1699,3500,144637,1,144,72
1700,3500,118548,2,118,59
1701,3504,172027,1,172,86
1702,3507,167704,1,167,83
1703,3508,119227,1,119,59
1704,3509,166722,2,166,83
1705,3512,153220,3,153,76
1706,3515,200000,2,200,100
1707,3519,125336,4,125,62
1708,3524,190432,1,190,95
1709,3526,131617,1,131,65
1710,3526,110702,1,110,55
1711,3528,149250,3,149,74
1712,3528,166219,2,166,83
1713,3533,133502,1,133,66
1714,3537,135670,3,135,67
1715,3543,167979,3,167,83
1716,3545,167898,1,167,83
1717,3546,133489,1,133,66
1718,3549,125389,4,125,62
1719,3549,151586,8,151,75
1720,3551,124209,1,124,62
1721,3553,165394,2,165,82
1722,3557,150563,2,150,75
1723,3558,143255,1,143,71
1724,3562,157789,4,157,78
1725,3563,118427,2,118,59
1726,3564,166860,2,166,83
1727,3569,100000,2,100,50
1728,3576,100000,2,100,50
1729,3579,132438,2,132,66
1730,3580,131333,2,131,65
1731,3582,121999,1,121,60
1732,3583,134297,2,134,67
1733,3583,143212,1,143,71
1734,3587,120553,1,120,60
1735,3589,162217,4,162,81
1736,3590,157709,5,157,78
1737,3590,130125,1,130,65
1738,3592,150637,1,150,75
1739,3593,143206,3,143,71
1740,3593,165217,1,165,82
1741,3600,112743,3,112,56
1742,3604,166309,2,166,83
1743,3606,158528,3,158,79
1744,3606,134333,3,134,67
1745,3607,132937,1,132,66
1746,3607,200000,2,200,100
1747,3609,137469,4,137,68
1748,3609,177772,1,177,88
1749,3609,160384,1,160,80
1750,3611,156657,2,156,78
1751,3614,168204,3,168,84
1752,3614,157487,2,157,78
1753,3616,142386,1,142,71
1754,3617,138208,5,138,69
1755,3619,132856,1,132,66
1756,3622,120200,2,120,60
1757,3623,137603,2,137,68
1758,3624,161774,1,161,80
1759,3626,100000,2,100,50
1760,3626,163554,4,163,81
1761,3627,198265,1,198,99
1762,3631,144075,4,144,72
1763,3631,114041,1,114,57
1764,3632,179819,1,179,89
1765,3635,190112,2,190,95
1766,3637,169623,1,169,84
1767,3639,139587,3,139,69
1768,3644,169278,2,169,84
1769,3646,189223,1,189,94
1770,3648,101420,1,101,50
1771,3651,177355,2,177,88
1772,3665,175182,7,175,87
1773,3665,150551,4,150,75
1774,3667,112560,2,112,56
1775,3668,169864,3,169,84
1776,3669,174439,1,174,87
1777,3670,116909,1,116,58
1778,3671,149202,1,149,74
1779,3671,129694,1,129,64
1780,3672,116224,1,116,58
1781,3672,194955,1,194,97
1782,3672,140802,2,140,70
1783,3674,200000,2,200,100
1784,3675,185315,1,185,92
1785,3678,124973,4,124,62
1786,3680,187382,2,187,93
1787,3681,109216,5,109,54
1788,3681,131989,7,131,65
1789,3682,141857,8,141,70
1790,3683,137972,1,137,68
1791,3683,156173,2,156,78
1792,3684,133544,1,133,66
1793,3691,123794,4,123,61
1794,3692,159821,4,159,79
1795,3696,166043,2,166,83
1796,3697,164464,2,164,82
1797,3698,172495,1,172,86
1798,3703,188360,3,188,94
1799,3703,127715,1,127,63
1800,3708,141719,1,141,70
1801,3709,194068,2,194,97
1802,3713,156799,1,156,78
1803,3714,148997,1,148,74
1804,3715,122695,2,122,61
1805,3715,100000,2,100,50
1806,3717,173554,1,173,86
1807,3718,173324,1,173,86
1808,3719,180953,1,180,90
1809,3721,157705,4,157,78
1810,3729,143550,1,143,71
1811,3733,141793,5,141,70
1812,3735,189736,2,189,94
1813,3737,129088,3,129,64
1814,3740,177962,3,177,88
1815,3740,156207,1,156,78
1816,3742,172871,2,172,86
1817,3743,121382,3,121,60
1818,3744,117284,2,117,58
1819,3744,137315,2,137,68
1820,3750,129870,3,129,64
1821,3755,149988,3,149,74
1822,3757,169462,2,169,84
1823,3759,184202,1,184,92
1824,3761,110756,2,110,55
1825,3762,118116,2,118,59
1826,3765,100000,1,100,50
1827,3770,141296,1,141,70
1828,3772,133466,2,133,66
1829,3773,142532,1,142,71
1830,3774,155929,1,155,77
1831,3775,176967,4,176,88
1832,3776,155823,2,155,77
1833,3778,141563,3,141,70
1834,3778,125222,4,125,62
1835,3785,120305,2,120,60
1836,3785,159173,1,159,79
1837,3785,133801,1,133,66
1838,3786,127211,4,127,63
1839,3786,135866,1,135,67
1840,3787,138312,4,138,69
1841,3788,148943,1,148,74
1842,3788,149627,2,149,74
1843,3789,154731,2,154,77
1844,3790,165278,2,165,82
1845,3791,132384,2,132,66
1846,3794,124832,1,124,62
1847,3798,127608,2,127,63
1848,3799,157456,1,157,78
1849,3802,133255,1,133,66
1850,3805,148502,4,148,74
1851,3806,150041,1,150,75
1852,3807,176833,3,176,88
1853,3810,100000,1,100,50
1854,3812,184266,3,184,92
1855,3817,134822,1,134,67
1856,3819,200000,2,200,100
1857,3824,133371,1,133,66
1858,3825,130786,1,130,65
1859,3832,137503,1,137,68
1860,3834,183817,3,183,91
1861,3835,135900,3,135,67
1862,3835,124374,3,124,62
1863,3835,114701,1,114,57
1864,3836,179852,3,179,89
1865,3836,147259,1,147,73
1866,3836,159526,2,159,79
1867,3839,100000,1,100,50
1868,3842,125574,4,125,62
1869,3851,144881,1,144,72
1870,3852,138154,1,138,69
1871,3852,137449,2,137,68
1872,3854,149732,3,149,74
1873,3857,133838,3,133,66
1874,3859,157877,2,157,78
1875,3862,175610,1,175,87
1876,3864,160799,1,160,80
1877,3864,167587,1,167,83
1878,3865,100000,4,100,50
1879,3872,158940,1,158,79
1880,3875,173035,4,173,86
1881,3881,165707,2,165,82
1882,3886,186631,1,186,93
1883,3889,142737,2,142,71
1884,3894,178969,1,178,89
1885,3895,120995,2,120,60
1886,3895,140079,1,140,70
1887,3899,156493,3,156,78
1888,3899,125367,3,125,62
1889,3899,143281,1,143,71
1890,3900,170510,4,170,85
1891,3905,178966,4,178,89
1892,3905,154053,1,154,77
1893,3914,184278,2,184,92
1894,3914,129401,1,129,64
1895,3914,148697,4,148,74
1896,3915,194814,1,194,97
1897,3917,159902,1,159,79
1898,3918,169040,1,169,84
1899,3918,148914,2,148,74
1900,3922,159047,5,159,79
1901,3925,170145,2,170,85
1902,3926,169612,3,169,84
1903,3929,177581,4,177,88
1904,3931,134978,5,134,67
1905,3932,122052,2,122,61
1906,3933,127393,2,127,63
1907,3939,150530,2,150,75
1908,3941,114806,3,114,57
1909,3943,176373,4,176,88
1910,3945,200000,3,200,100
1911,3947,134992,2,134,67
1912,3950,154947,1,154,77
1913,3951,152254,1,152,76
1914,3952,153978,4,153,76
1915,3957,122336,1,122,61
1916,3959,190568,2,190,95
1917,3960,141182,3,141,70
1918,3963,161978,1,161,80
1919,3966,163307,2,163,81
1920,3970,147110,1,147,73
1921,3970,176632,2,176,88
1922,3975,137539,1,137,68
1923,3976,153115,2,153,76
1924,3981,146992,5,146,73
1925,3984,161074,2,161,80
1926,3985,194153,1,194,97
1927,3985,127351,3,127,63
1928,3986,142133,3,142,71
1929,3986,132276,1,132,66
1930,3989,144737,4,144,72
1931,3992,132417,2,132,66
1932,3992,166506,2,166,83
1933,3998,189140,2,189,94
1934,3998,106018,2,106,53
